1706782368.000000, IBI
22.859375,0.781250
23.609375,0.750000
24.390625,0.781250
33.171875,0.875000
34.046875,0.875000
34.921875,0.875000
35.781250,0.859375
36.500000,0.718750
37.140625,0.640625
63.921875,0.812500
86.031250,0.734375
86.718750,0.687500
94.828125,0.968750
95.734375,0.906250
96.687500,0.953125
103.109375,0.750000
103.859375,0.750000
104.703125,0.843750
109.578125,0.968750
116.546875,1.062500
117.578125,1.031250
118.375000,0.796875
125.937500,0.734375
126.687500,0.750000
127.531250,0.843750
128.515625,0.984375
129.390625,0.875000
130.359375,0.968750
131.156250,0.796875
141.437500,0.765625
142.359375,0.921875
143.250000,0.890625
144.046875,0.796875
144.859375,0.812500
145.750000,0.890625
146.562500,0.812500
147.343750,0.781250
148.218750,0.875000
149.109375,0.890625
160.343750,0.843750
161.234375,0.890625
162.093750,0.859375
179.984375,0.859375
180.875000,0.890625
181.671875,0.796875
182.484375,0.812500
183.328125,0.843750
190.140625,0.906250
190.984375,0.843750
191.843750,0.859375
198.750000,0.859375
199.656250,0.906250
200.531250,0.875000
201.328125,0.796875
202.156250,0.828125
203.015625,0.859375
203.921875,0.906250
204.750000,0.828125
205.625000,0.875000
220.359375,0.921875
221.265625,0.906250
222.078125,0.812500
222.953125,0.875000
223.843750,0.890625
224.718750,0.875000
225.500000,0.781250
226.328125,0.828125
227.156250,0.828125
228.000000,0.843750
234.578125,0.875000
235.406250,0.828125
236.171875,0.765625
236.906250,0.734375
237.656250,0.750000
238.453125,0.796875
239.265625,0.812500
240.031250,0.765625
240.859375,0.828125
241.843750,0.984375
242.796875,0.953125
243.625000,0.828125
244.468750,0.843750
245.375000,0.906250
246.265625,0.890625
247.093750,0.828125
247.968750,0.875000
248.875000,0.906250
249.781250,0.906250
250.609375,0.828125
251.453125,0.843750
257.812500,0.734375
258.609375,0.796875
259.390625,0.781250
260.250000,0.859375
261.171875,0.921875
262.000000,0.828125
262.828125,0.828125
263.687500,0.859375
264.546875,0.859375
271.500000,0.859375
272.328125,0.828125
273.234375,0.906250
280.203125,0.890625
281.093750,0.890625
281.921875,0.828125
282.796875,0.875000
283.687500,0.890625
293.750000,0.828125
294.546875,0.796875
295.359375,0.812500
296.234375,0.875000
297.109375,0.875000
297.937500,0.828125
298.781250,0.843750
299.687500,0.906250
300.562500,0.875000
301.375000,0.812500
302.203125,0.828125
303.062500,0.859375
303.968750,0.906250
304.781250,0.812500
305.640625,0.859375
306.562500,0.921875
307.515625,0.953125
308.375000,0.859375
309.265625,0.890625
310.187500,0.921875
311.140625,0.953125
311.984375,0.843750
312.828125,0.843750
313.734375,0.906250
314.640625,0.906250
315.468750,0.828125
316.359375,0.890625
323.640625,0.937500
324.593750,0.953125
325.468750,0.875000
326.328125,0.859375
327.234375,0.906250
334.140625,0.890625
334.968750,0.828125
335.812500,0.843750
336.687500,0.875000
337.578125,0.890625
338.375000,0.796875
339.203125,0.828125
340.062500,0.859375
340.953125,0.890625
341.781250,0.828125
342.625000,0.843750
343.500000,0.875000
344.343750,0.843750
345.140625,0.796875
345.921875,0.781250
346.703125,0.781250
347.531250,0.828125
348.328125,0.796875
349.156250,0.828125
350.093750,0.937500
351.000000,0.906250
351.796875,0.796875
352.625000,0.828125
353.468750,0.843750
354.296875,0.828125
355.015625,0.718750
355.765625,0.750000
356.593750,0.828125
357.531250,0.937500
358.375000,0.843750
359.250000,0.875000
360.015625,0.765625
360.656250,0.640625
365.656250,0.828125
366.515625,0.859375
367.390625,0.875000
368.296875,0.906250
369.125000,0.828125
369.937500,0.812500
370.781250,0.843750
371.734375,0.953125
372.578125,0.843750
373.390625,0.812500
374.203125,0.812500
374.968750,0.765625
375.671875,0.703125
376.375000,0.703125
377.078125,0.703125
377.765625,0.687500
378.453125,0.687500
383.171875,0.968750
384.015625,0.843750
384.890625,0.875000
385.812500,0.921875
386.765625,0.953125
387.578125,0.812500
388.437500,0.859375
389.375000,0.937500
390.312500,0.937500
391.171875,0.859375
392.078125,0.906250
393.031250,0.953125
394.015625,0.984375
394.890625,0.875000
395.781250,0.890625
396.718750,0.937500
397.687500,0.968750
398.546875,0.859375
399.468750,0.921875
400.421875,0.953125
401.343750,0.921875
402.187500,0.843750
403.109375,0.921875
404.062500,0.953125
404.937500,0.875000
405.828125,0.890625
406.750000,0.921875
407.671875,0.921875
408.500000,0.828125
409.406250,0.906250
410.312500,0.906250
411.171875,0.859375
412.000000,0.828125
412.859375,0.859375
413.781250,0.921875
414.656250,0.875000
415.515625,0.859375
416.500000,0.984375
417.484375,0.984375
418.453125,0.968750
419.312500,0.859375
420.218750,0.906250
421.125000,0.906250
422.000000,0.875000
422.796875,0.796875
423.625000,0.828125
424.500000,0.875000
425.406250,0.906250
426.234375,0.828125
427.140625,0.906250
428.078125,0.937500
429.046875,0.968750
429.906250,0.859375
430.812500,0.906250
431.750000,0.937500
432.687500,0.937500
433.546875,0.859375
434.437500,0.890625
435.375000,0.937500
436.281250,0.906250
437.125000,0.843750
438.031250,0.906250
438.984375,0.953125
439.843750,0.859375
440.750000,0.906250
441.671875,0.921875
442.593750,0.921875
443.421875,0.828125
444.296875,0.875000
445.218750,0.921875
446.078125,0.859375
446.921875,0.843750
447.843750,0.921875
448.781250,0.937500
449.671875,0.890625
450.593750,0.921875
451.546875,0.953125
475.703125,0.687500
476.375000,0.671875
477.031250,0.656250
477.671875,0.640625
478.281250,0.609375
478.890625,0.609375
479.546875,0.656250
480.328125,0.781250
481.140625,0.812500
481.875000,0.734375
482.656250,0.781250
483.625000,0.968750
484.531250,0.906250
485.343750,0.812500
486.281250,0.937500
487.281250,1.000000
488.328125,1.046875
489.328125,1.000000
490.328125,1.000000
491.234375,0.906250
492.062500,0.828125
492.906250,0.843750
493.781250,0.875000
494.640625,0.859375
495.500000,0.859375
496.328125,0.828125
497.125000,0.796875
497.921875,0.796875
498.703125,0.781250
499.500000,0.796875
500.390625,0.890625
501.296875,0.906250
502.125000,0.828125
502.968750,0.843750
503.890625,0.921875
504.765625,0.875000
505.609375,0.843750
506.515625,0.906250
507.421875,0.906250
508.265625,0.843750
509.109375,0.843750
510.062500,0.953125
511.031250,0.968750
511.906250,0.875000
512.812500,0.906250
536.781250,0.953125
537.750000,0.968750
544.843750,0.812500
545.718750,0.875000
546.656250,0.937500
553.875000,0.953125
566.718750,0.953125
567.718750,1.000000
568.640625,0.921875
569.578125,0.937500
570.531250,0.953125
571.375000,0.843750
572.218750,0.843750
573.125000,0.906250
574.031250,0.906250
574.859375,0.828125
575.750000,0.890625
576.656250,0.906250
577.578125,0.921875
578.406250,0.828125
590.875000,0.859375
591.703125,0.828125
598.468750,0.765625
599.265625,0.796875
600.109375,0.843750
606.828125,0.890625
607.671875,0.843750
608.468750,0.796875
609.250000,0.781250
610.093750,0.843750
610.984375,0.890625
611.796875,0.812500
612.593750,0.796875
613.406250,0.812500
614.234375,0.828125
615.031250,0.796875
615.781250,0.750000
616.593750,0.812500
617.500000,0.906250
618.437500,0.937500
619.343750,0.906250
620.281250,0.937500
621.250000,0.968750
622.234375,0.984375
623.109375,0.875000
624.031250,0.921875
624.984375,0.953125
625.937500,0.953125
626.828125,0.890625
627.656250,0.828125
628.531250,0.875000
629.406250,0.875000
630.265625,0.859375
631.078125,0.812500
637.765625,0.750000
638.546875,0.781250
639.328125,0.781250
640.234375,0.906250
641.218750,0.984375
642.062500,0.843750
642.828125,0.765625
643.625000,0.796875
644.406250,0.781250
645.218750,0.812500
646.015625,0.796875
646.906250,0.890625
647.906250,1.000000
648.859375,0.953125
649.750000,0.890625
650.718750,0.968750
651.687500,0.968750
652.515625,0.828125
653.343750,0.828125
654.250000,0.906250
655.140625,0.890625
655.984375,0.843750
656.937500,0.953125
657.921875,0.984375
658.828125,0.906250
659.718750,0.890625
666.968750,0.921875
667.968750,1.000000
674.250000,0.875000
675.125000,0.875000
675.921875,0.796875
676.734375,0.812500
677.546875,0.812500
678.390625,0.843750
679.171875,0.781250
679.968750,0.796875
680.859375,0.890625
681.828125,0.968750
682.703125,0.875000
683.578125,0.875000
684.515625,0.937500
685.437500,0.921875
686.281250,0.843750
687.140625,0.859375
688.078125,0.937500
689.031250,0.953125
689.906250,0.875000
690.828125,0.921875
691.781250,0.953125
692.734375,0.953125
693.609375,0.875000
694.500000,0.890625
695.437500,0.937500
707.421875,0.890625
708.390625,0.968750
709.359375,0.968750
710.234375,0.875000
711.140625,0.906250
712.078125,0.937500
712.984375,0.906250
713.828125,0.843750
714.687500,0.859375
715.546875,0.859375
716.421875,0.875000
724.265625,0.875000
725.109375,0.843750
726.000000,0.890625
726.906250,0.906250
727.750000,0.843750
728.562500,0.812500
729.406250,0.843750
730.281250,0.875000
731.156250,0.875000
731.968750,0.812500
732.796875,0.828125
733.671875,0.875000
734.562500,0.890625
735.437500,0.875000
736.203125,0.765625
747.921875,0.906250
748.859375,0.937500
749.828125,0.968750
750.703125,0.875000
751.546875,0.843750
752.421875,0.875000
753.343750,0.921875
754.171875,0.828125
754.968750,0.796875
755.812500,0.843750
756.734375,0.921875
757.656250,0.921875
758.437500,0.781250
759.203125,0.765625
760.046875,0.843750
761.078125,1.031250
762.015625,0.937500
762.937500,0.921875
763.781250,0.843750
764.687500,0.906250
765.640625,0.953125
766.562500,0.921875
767.437500,0.875000
768.312500,0.875000
769.234375,0.921875
770.171875,0.937500
771.046875,0.875000
771.875000,0.828125
772.765625,0.890625
773.671875,0.906250
774.515625,0.843750
775.343750,0.828125
776.234375,0.890625
777.171875,0.937500
778.109375,0.937500
778.953125,0.843750
779.859375,0.906250
780.781250,0.921875
781.718750,0.937500
782.593750,0.875000
783.453125,0.859375
784.375000,0.921875
785.296875,0.921875
786.140625,0.843750
787.000000,0.859375
787.859375,0.859375
788.734375,0.875000
789.546875,0.812500
790.375000,0.828125
791.265625,0.890625
792.203125,0.937500
793.062500,0.859375
793.953125,0.890625
794.890625,0.937500
795.828125,0.937500
796.640625,0.812500
797.500000,0.859375
798.375000,0.875000
799.265625,0.890625
800.078125,0.812500
800.921875,0.843750
801.812500,0.890625
802.718750,0.906250
803.531250,0.812500
804.406250,0.875000
805.312500,0.906250
806.203125,0.890625
807.031250,0.828125
807.906250,0.875000
808.812500,0.906250
809.703125,0.890625
810.531250,0.828125
811.343750,0.812500
812.187500,0.843750
813.078125,0.890625
813.921875,0.843750
814.734375,0.812500
815.609375,0.875000
816.531250,0.921875
817.406250,0.875000
818.265625,0.859375
819.203125,0.937500
820.140625,0.937500
821.000000,0.859375
821.875000,0.875000
822.765625,0.890625
823.671875,0.906250
824.500000,0.828125
825.375000,0.875000
826.234375,0.859375
827.093750,0.859375
827.953125,0.859375
828.765625,0.812500
829.546875,0.781250
830.359375,0.812500
831.125000,0.765625
831.968750,0.843750
832.734375,0.765625
833.484375,0.750000
834.296875,0.812500
835.203125,0.906250
836.171875,0.968750
836.984375,0.812500
852.562500,0.875000
853.343750,0.781250
854.187500,0.843750
855.000000,0.812500
855.875000,0.875000
856.703125,0.828125
857.578125,0.875000
858.437500,0.859375
859.203125,0.765625
872.046875,0.828125
872.937500,0.890625
873.843750,0.906250
874.703125,0.859375
875.609375,0.906250
876.484375,0.875000
877.296875,0.812500
878.171875,0.875000
879.078125,0.906250
879.953125,0.875000
880.750000,0.796875
881.593750,0.843750
882.515625,0.921875
883.421875,0.906250
884.218750,0.796875
885.046875,0.828125
885.921875,0.875000
886.781250,0.859375
887.593750,0.812500
888.375000,0.781250
889.218750,0.843750
890.062500,0.843750
890.859375,0.796875
900.281250,0.750000
901.031250,0.750000
901.812500,0.781250
902.578125,0.765625
903.343750,0.765625
904.078125,0.734375
904.796875,0.718750
905.546875,0.750000
906.390625,0.843750
907.187500,0.796875
908.062500,0.875000
908.953125,0.890625
909.734375,0.781250
910.578125,0.843750
911.437500,0.859375
912.265625,0.828125
913.015625,0.750000
913.796875,0.781250
914.625000,0.828125
915.453125,0.828125
921.781250,0.828125
922.609375,0.828125
923.375000,0.765625
924.125000,0.750000
924.906250,0.781250
925.703125,0.796875
926.484375,0.781250
927.250000,0.765625
928.046875,0.796875
928.890625,0.843750
929.640625,0.750000
930.359375,0.718750
931.093750,0.734375
931.843750,0.750000
932.562500,0.718750
965.125000,0.859375
966.015625,0.890625
966.828125,0.812500
967.640625,0.812500
968.515625,0.875000
969.218750,0.703125
970.015625,0.796875
970.718750,0.703125
971.390625,0.671875
972.062500,0.671875
972.796875,0.734375
973.687500,0.890625
974.546875,0.859375
975.500000,0.953125
976.500000,1.000000
977.468750,0.968750
978.312500,0.843750
979.140625,0.828125
980.000000,0.859375
980.906250,0.906250
981.734375,0.828125
982.546875,0.812500
983.437500,0.890625
984.359375,0.921875
985.281250,0.921875
986.078125,0.796875
986.921875,0.843750
987.812500,0.890625
988.750000,0.937500
994.390625,0.750000
995.109375,0.718750
995.937500,0.828125
996.796875,0.859375
997.593750,0.796875
998.500000,0.906250
999.437500,0.937500
1000.359375,0.921875
1001.156250,0.796875
1002.015625,0.859375
1002.906250,0.890625
1003.875000,0.968750
1004.812500,0.937500
1005.718750,0.906250
1006.687500,0.968750
1015.453125,0.781250
1016.296875,0.843750
1017.203125,0.906250
1018.031250,0.828125
1018.953125,0.921875
1019.875000,0.921875
1020.812500,0.937500
1021.671875,0.859375
1022.546875,0.875000
1023.437500,0.890625
1024.328125,0.890625
1025.109375,0.781250
1025.875000,0.765625
1026.718750,0.843750
1027.625000,0.906250
1028.468750,0.843750
1029.359375,0.890625
1030.312500,0.953125
1031.265625,0.953125
1032.109375,0.843750
1033.015625,0.906250
1033.968750,0.953125
1034.843750,0.875000
1035.687500,0.843750
1036.562500,0.875000
1037.468750,0.906250
1038.265625,0.796875
1039.046875,0.781250
1039.875000,0.828125
1040.734375,0.859375
1041.500000,0.765625
1042.250000,0.750000
1043.046875,0.796875
1043.875000,0.828125
1044.640625,0.765625
1045.375000,0.734375
1046.171875,0.796875
1046.968750,0.796875
1047.703125,0.734375
1048.453125,0.750000
1049.250000,0.796875
1050.078125,0.828125
1050.875000,0.796875
1051.593750,0.718750
1052.343750,0.750000
1053.125000,0.781250
1053.875000,0.750000
1054.562500,0.687500
1055.234375,0.671875
1055.906250,0.671875
1056.609375,0.703125
1057.328125,0.718750
1058.015625,0.687500
1058.718750,0.703125
1059.484375,0.765625
1060.265625,0.781250
1061.000000,0.734375
1061.703125,0.703125
1062.421875,0.718750
1063.171875,0.750000
1069.250000,0.656250
1069.953125,0.703125
1081.906250,0.734375
1082.609375,0.703125
1083.343750,0.734375
1084.125000,0.781250
1084.890625,0.765625
1085.609375,0.718750
1086.343750,0.734375
1092.781250,0.796875
1093.640625,0.859375
1094.500000,0.859375
1095.281250,0.781250
1096.062500,0.781250
1096.875000,0.812500
1097.703125,0.828125
1098.484375,0.781250
1099.234375,0.750000
1100.031250,0.796875
1100.859375,0.828125
1101.734375,0.875000
1102.546875,0.812500
1103.312500,0.765625
1104.125000,0.812500
1104.953125,0.828125
1105.765625,0.812500
1106.531250,0.765625
1107.296875,0.765625
1108.125000,0.828125
1125.359375,0.906250
1126.171875,0.812500
1127.000000,0.828125
1127.890625,0.890625
1128.843750,0.953125
1129.687500,0.843750
1139.187500,0.796875
1139.937500,0.750000
1140.718750,0.781250
1141.500000,0.781250
1142.343750,0.843750
1143.125000,0.781250
1143.906250,0.781250
1150.250000,0.734375
1151.015625,0.765625
1151.812500,0.796875
1159.031250,0.859375
1159.828125,0.796875
1172.546875,0.750000
1173.359375,0.812500
1174.125000,0.765625
1174.890625,0.765625
1175.734375,0.843750
1176.718750,0.984375
1183.890625,0.875000
1184.734375,0.843750
1185.515625,0.781250
1186.281250,0.765625
1187.046875,0.765625
1187.859375,0.812500
1188.656250,0.796875
1189.468750,0.812500
1190.296875,0.828125
1191.203125,0.906250
1192.046875,0.843750
1192.859375,0.812500
1193.703125,0.843750
1194.562500,0.859375
1195.359375,0.796875
1196.156250,0.796875
1197.000000,0.843750
1197.890625,0.890625
1198.750000,0.859375
1199.515625,0.765625
1200.296875,0.781250
1201.093750,0.796875
1202.000000,0.906250
1202.812500,0.812500
1203.609375,0.796875
1204.484375,0.875000
1205.406250,0.921875
1212.312500,0.796875
1213.031250,0.718750
1213.750000,0.718750
1214.484375,0.734375
1215.265625,0.781250
1216.046875,0.781250
1222.921875,0.765625
1223.703125,0.781250
1224.421875,0.718750
1225.187500,0.765625
1225.921875,0.734375
1226.671875,0.750000
1227.453125,0.781250
1240.250000,0.687500
1241.031250,0.781250
1241.906250,0.875000
1242.796875,0.890625
1243.718750,0.921875
1244.640625,0.921875
1245.546875,0.906250
1246.390625,0.843750
1247.281250,0.890625
1248.187500,0.906250
1249.078125,0.890625
1249.890625,0.812500
1250.750000,0.859375
1251.609375,0.859375
1252.500000,0.890625
1253.328125,0.828125
1254.140625,0.812500
1254.937500,0.796875
1255.718750,0.781250
1256.437500,0.718750
1257.140625,0.703125
1257.843750,0.703125
1258.578125,0.734375
1259.359375,0.781250
1260.312500,0.953125
1261.265625,0.953125
1262.093750,0.828125
1262.921875,0.828125
1263.750000,0.828125
