1704982353.000000, IBI
23.218750,0.562500
60.203125,0.875000
69.203125,0.750000
69.843750,0.640625
70.453125,0.609375
71.062500,0.609375
76.437500,0.890625
77.265625,0.828125
78.046875,0.781250
78.750000,0.703125
79.453125,0.703125
80.109375,0.656250
88.062500,0.687500
88.703125,0.640625
89.359375,0.656250
90.140625,0.781250
90.890625,0.750000
91.593750,0.703125
92.281250,0.687500
92.968750,0.687500
93.781250,0.812500
94.609375,0.828125
95.390625,0.781250
96.156250,0.765625
96.906250,0.750000
97.593750,0.687500
98.234375,0.640625
98.812500,0.578125
99.359375,0.546875
99.921875,0.562500
100.468750,0.546875
105.828125,0.781250
106.546875,0.718750
110.828125,0.656250
111.578125,0.750000
112.296875,0.718750
113.062500,0.765625
113.796875,0.734375
114.468750,0.671875
115.093750,0.625000
115.687500,0.593750
116.281250,0.593750
127.312500,0.578125
127.890625,0.578125
128.453125,0.562500
129.000000,0.546875
136.453125,0.734375
143.390625,0.609375
144.015625,0.625000
144.625000,0.609375
145.218750,0.593750
163.000000,0.593750
163.531250,0.531250
164.125000,0.593750
164.687500,0.562500
165.281250,0.593750
165.875000,0.593750
166.453125,0.578125
167.031250,0.578125
167.640625,0.609375
180.250000,0.578125
180.796875,0.546875
181.343750,0.546875
181.906250,0.562500
182.484375,0.578125
183.125000,0.640625
188.796875,0.593750
189.375000,0.578125
189.937500,0.562500
190.531250,0.593750
191.187500,0.656250
196.953125,0.656250
197.593750,0.640625
198.171875,0.578125
198.765625,0.593750
199.375000,0.609375
199.984375,0.609375
200.531250,0.546875
201.156250,0.625000
201.703125,0.546875
202.281250,0.578125
202.859375,0.578125
203.406250,0.546875
203.953125,0.546875
204.515625,0.562500
205.171875,0.656250
209.812500,0.875000
210.531250,0.718750
213.531250,0.640625
214.234375,0.703125
214.968750,0.734375
215.843750,0.875000
216.796875,0.953125
217.703125,0.906250
218.593750,0.890625
219.484375,0.890625
220.375000,0.890625
221.187500,0.812500
221.890625,0.703125
222.546875,0.656250
223.203125,0.656250
223.890625,0.687500
224.671875,0.781250
225.484375,0.812500
226.312500,0.828125
227.125000,0.812500
227.921875,0.796875
228.703125,0.781250
229.375000,0.671875
230.000000,0.625000
230.593750,0.593750
231.171875,0.578125
231.765625,0.593750
232.421875,0.656250
233.234375,0.812500
234.093750,0.859375
234.968750,0.875000
235.796875,0.828125
236.640625,0.843750
237.421875,0.781250
238.140625,0.718750
241.359375,0.718750
242.046875,0.687500
242.718750,0.671875
250.265625,0.609375
250.906250,0.640625
251.562500,0.656250
252.281250,0.718750
259.000000,0.578125
266.968750,0.562500
267.531250,0.562500
268.093750,0.562500
268.671875,0.578125
269.265625,0.593750
269.906250,0.640625
275.687500,0.593750
276.265625,0.578125
276.828125,0.562500
277.406250,0.578125
283.375000,0.578125
283.921875,0.546875
284.484375,0.562500
285.046875,0.562500
285.640625,0.593750
292.828125,0.843750
293.687500,0.859375
305.875000,0.640625
306.515625,0.640625
307.125000,0.609375
316.000000,0.671875
316.687500,0.687500
317.375000,0.687500
318.062500,0.687500
322.078125,0.562500
322.687500,0.609375
327.093750,0.875000
327.937500,0.843750
348.390625,0.937500
349.250000,0.859375
349.937500,0.687500
350.562500,0.625000
351.140625,0.578125
351.734375,0.593750
352.406250,0.671875
357.031250,0.828125
357.781250,0.750000
358.484375,0.703125
359.156250,0.671875
359.843750,0.687500
360.546875,0.703125
361.234375,0.687500
361.984375,0.750000
362.828125,0.843750
363.812500,0.984375
364.718750,0.906250
365.562500,0.843750
366.375000,0.812500
367.156250,0.781250
367.921875,0.765625
368.609375,0.687500
369.296875,0.687500
370.000000,0.703125
370.828125,0.828125
371.703125,0.875000
372.531250,0.828125
373.375000,0.843750
374.218750,0.843750
375.062500,0.843750
375.765625,0.703125
376.421875,0.656250
377.093750,0.671875
377.765625,0.671875
378.546875,0.781250
379.359375,0.812500
380.296875,0.937500
381.250000,0.953125
382.218750,0.968750
383.078125,0.859375
383.921875,0.843750
384.718750,0.796875
385.468750,0.750000
386.140625,0.671875
386.812500,0.671875
387.515625,0.703125
388.390625,0.875000
389.343750,0.953125
390.234375,0.890625
391.109375,0.875000
391.968750,0.859375
392.781250,0.812500
393.484375,0.703125
394.140625,0.656250
394.812500,0.671875
395.500000,0.687500
396.171875,0.671875
396.875000,0.703125
397.640625,0.765625
398.312500,0.671875
399.031250,0.718750
399.953125,0.921875
402.750000,0.546875
409.062500,0.578125
409.640625,0.578125
410.312500,0.671875
420.687500,0.750000
421.484375,0.796875
422.359375,0.875000
423.250000,0.890625
424.078125,0.828125
424.843750,0.765625
425.640625,0.796875
426.453125,0.812500
427.359375,0.906250
428.296875,0.937500
429.187500,0.890625
430.046875,0.859375
430.875000,0.828125
431.578125,0.703125
432.234375,0.656250
432.843750,0.609375
433.531250,0.687500
438.328125,0.890625
439.156250,0.828125
446.421875,0.625000
447.031250,0.609375
447.812500,0.781250
452.312500,0.843750
453.125000,0.812500
453.890625,0.765625
454.593750,0.703125
455.250000,0.656250
455.906250,0.656250
456.578125,0.671875
457.312500,0.734375
458.109375,0.796875
458.859375,0.750000
462.062500,0.671875
462.687500,0.625000
463.296875,0.609375
463.937500,0.640625
468.062500,0.718750
468.765625,0.703125
469.406250,0.640625
470.000000,0.593750
470.609375,0.609375
471.218750,0.609375
471.828125,0.609375
472.421875,0.593750
473.015625,0.593750
473.578125,0.562500
474.171875,0.593750
474.765625,0.593750
475.343750,0.578125
475.921875,0.578125
476.500000,0.578125
477.062500,0.562500
479.921875,0.546875
488.609375,0.671875
489.203125,0.593750
489.812500,0.609375
490.406250,0.593750
490.984375,0.578125
491.562500,0.578125
492.140625,0.578125
492.671875,0.531250
493.250000,0.578125
493.828125,0.578125
494.375000,0.546875
494.937500,0.562500
507.906250,0.578125
508.500000,0.593750
509.156250,0.656250
512.984375,0.671875
513.640625,0.656250
514.265625,0.625000
514.875000,0.609375
515.500000,0.625000
535.296875,0.593750
548.875000,0.812500
553.609375,0.703125
554.328125,0.718750
555.031250,0.703125
555.796875,0.765625
556.656250,0.859375
557.500000,0.843750
558.312500,0.812500
559.078125,0.765625
559.859375,0.781250
562.875000,0.562500
563.453125,0.578125
564.046875,0.593750
564.625000,0.578125
565.218750,0.593750
565.890625,0.671875
570.531250,0.781250
586.656250,0.750000
587.343750,0.687500
588.000000,0.656250
588.640625,0.640625
589.265625,0.625000
589.906250,0.640625
590.578125,0.671875
591.375000,0.796875
592.218750,0.843750
593.062500,0.843750
593.906250,0.843750
594.687500,0.781250
595.375000,0.687500
596.015625,0.640625
602.593750,0.703125
603.296875,0.703125
603.937500,0.640625
604.546875,0.609375
605.140625,0.593750
605.734375,0.593750
609.921875,0.859375
610.734375,0.812500
611.531250,0.796875
612.296875,0.765625
613.000000,0.703125
613.640625,0.640625
614.234375,0.593750
614.828125,0.593750
615.468750,0.640625
624.390625,0.640625
625.078125,0.687500
625.843750,0.765625
626.671875,0.828125
627.453125,0.781250
628.171875,0.718750
628.890625,0.718750
637.546875,0.562500
638.171875,0.625000
638.843750,0.671875
639.515625,0.671875
640.250000,0.734375
641.140625,0.890625
641.937500,0.796875
642.781250,0.843750
643.640625,0.859375
644.468750,0.828125
645.187500,0.718750
651.578125,0.921875
652.500000,0.921875
653.328125,0.828125
654.109375,0.781250
654.875000,0.765625
667.421875,0.671875
674.906250,0.609375
675.593750,0.687500
676.296875,0.703125
677.093750,0.796875
677.937500,0.843750
678.609375,0.671875
679.484375,0.875000
680.187500,0.703125
681.156250,0.968750
691.375000,0.593750
692.015625,0.640625
692.656250,0.640625
693.281250,0.625000
693.890625,0.609375
694.468750,0.578125
695.015625,0.546875
695.593750,0.578125
701.265625,0.890625
702.046875,0.781250
702.703125,0.656250
703.328125,0.625000
703.968750,0.640625
704.671875,0.703125
705.546875,0.875000
706.484375,0.937500
707.375000,0.890625
708.281250,0.906250
709.156250,0.875000
710.000000,0.843750
710.796875,0.796875
711.484375,0.687500
712.125000,0.640625
712.781250,0.656250
713.515625,0.734375
718.125000,0.921875
718.937500,0.812500
719.656250,0.718750
720.328125,0.671875
720.984375,0.656250
721.687500,0.703125
722.421875,0.734375
723.140625,0.718750
723.953125,0.812500
724.843750,0.890625
725.796875,0.953125
726.671875,0.875000
727.515625,0.843750
728.343750,0.828125
729.093750,0.750000
729.765625,0.671875
730.421875,0.656250
731.109375,0.687500
732.000000,0.890625
732.953125,0.953125
733.828125,0.875000
734.718750,0.890625
767.343750,0.765625
777.234375,0.859375
778.093750,0.859375
778.843750,0.750000
779.546875,0.703125
780.218750,0.671875
780.859375,0.640625
806.375000,0.578125
806.953125,0.578125
807.562500,0.609375
836.937500,0.687500
837.562500,0.625000
843.781250,0.828125
844.562500,0.781250
845.265625,0.703125
845.937500,0.671875
846.593750,0.656250
847.218750,0.625000
847.843750,0.625000
848.531250,0.687500
849.375000,0.843750
850.187500,0.812500
851.031250,0.843750
851.937500,0.906250
852.812500,0.875000
853.609375,0.796875
854.406250,0.796875
860.937500,0.843750
868.937500,0.625000
869.578125,0.640625
870.265625,0.687500
871.000000,0.734375
871.765625,0.765625
892.281250,0.609375
892.859375,0.578125
893.406250,0.546875
893.937500,0.531250
894.453125,0.515625
894.984375,0.531250
895.640625,0.656250
899.421875,0.625000
900.031250,0.609375
904.156250,0.671875
904.734375,0.578125
905.296875,0.562500
905.859375,0.562500
906.562500,0.703125
910.828125,0.750000
911.609375,0.781250
912.484375,0.875000
913.375000,0.890625
914.187500,0.812500
917.296875,0.703125
921.484375,0.656250
922.093750,0.609375
922.687500,0.593750
923.312500,0.625000
924.046875,0.734375
924.906250,0.859375
925.734375,0.828125
926.468750,0.734375
927.156250,0.687500
927.796875,0.640625
928.484375,0.687500
929.375000,0.890625
930.265625,0.890625
931.093750,0.828125
931.812500,0.718750
932.468750,0.656250
933.078125,0.609375
933.703125,0.625000
934.359375,0.656250
935.109375,0.750000
935.890625,0.781250
936.609375,0.718750
937.218750,0.609375
937.812500,0.593750
943.062500,0.718750
943.812500,0.750000
944.500000,0.687500
945.140625,0.640625
945.734375,0.593750
946.328125,0.593750
946.937500,0.609375
947.546875,0.609375
951.671875,0.593750
955.953125,0.546875
961.984375,0.500000
962.500000,0.515625
963.015625,0.515625
963.500000,0.484375
964.015625,0.515625
964.515625,0.500000
965.000000,0.484375
968.859375,0.484375
969.343750,0.484375
969.812500,0.468750
970.265625,0.453125
970.750000,0.484375
971.218750,0.468750
971.734375,0.515625
972.281250,0.546875
978.062500,0.531250
978.578125,0.515625
979.109375,0.531250
979.656250,0.546875
980.218750,0.562500
998.250000,0.531250
998.796875,0.546875
999.312500,0.515625
999.843750,0.531250
1000.390625,0.546875
1000.984375,0.593750
1004.296875,0.578125
1004.843750,0.546875
1010.421875,0.500000
1016.140625,0.500000
1016.656250,0.515625
1017.187500,0.531250
1017.734375,0.546875
1018.312500,0.578125
1023.750000,0.531250
1024.281250,0.531250
1024.812500,0.531250
1025.312500,0.500000
1025.796875,0.484375
1026.296875,0.500000
1026.796875,0.500000
1032.328125,0.578125
1032.906250,0.578125
1033.500000,0.593750
1034.093750,0.593750
1034.656250,0.562500
1035.187500,0.531250
1035.718750,0.531250
1036.234375,0.515625
1036.781250,0.546875
1037.375000,0.593750
1038.093750,0.718750
1038.828125,0.734375
1039.500000,0.671875
1040.078125,0.578125
1040.640625,0.562500
1041.250000,0.609375
1045.515625,0.687500
1052.484375,0.906250
1053.218750,0.734375
1059.546875,0.765625
1060.218750,0.671875
1060.906250,0.687500
1061.703125,0.796875
1062.531250,0.828125
1063.359375,0.828125
1064.187500,0.828125
1065.031250,0.843750
1065.859375,0.828125
1066.578125,0.718750
1067.234375,0.656250
1072.328125,0.875000
1073.187500,0.859375
1074.046875,0.859375
1074.890625,0.843750
1075.687500,0.796875
1076.421875,0.734375
1077.140625,0.718750
1077.796875,0.656250
1078.421875,0.625000
1079.031250,0.609375
1084.828125,0.640625
1085.437500,0.609375
1086.015625,0.578125
1086.593750,0.578125
1087.140625,0.546875
1087.718750,0.578125
1088.281250,0.562500
1088.812500,0.531250
1089.359375,0.546875
1100.421875,0.578125
1101.015625,0.593750
1101.625000,0.609375
1102.234375,0.609375
1102.796875,0.562500
1103.328125,0.531250
1103.875000,0.546875
1104.406250,0.531250
1104.968750,0.562500
1105.500000,0.531250
1106.046875,0.546875
1112.312500,0.625000
1112.921875,0.609375
1113.562500,0.640625
1119.531250,0.593750
1120.156250,0.625000
1120.765625,0.609375
1121.375000,0.609375
1121.968750,0.593750
1136.562500,0.578125
1137.140625,0.578125
1137.718750,0.578125
1138.281250,0.562500
1138.859375,0.578125
1139.453125,0.593750
1140.093750,0.640625
1140.718750,0.625000
1141.375000,0.656250
1142.125000,0.750000
1142.906250,0.781250
1152.500000,0.578125
1153.046875,0.546875
1153.578125,0.531250
1154.125000,0.546875
1168.921875,0.906250
1169.750000,0.828125
1174.843750,0.671875
1175.546875,0.703125
1176.343750,0.796875
1177.234375,0.890625
1178.046875,0.812500
1178.734375,0.687500
1179.343750,0.609375
1179.953125,0.609375
1180.562500,0.609375
1181.187500,0.625000
1181.828125,0.640625
1182.593750,0.765625
1187.125000,0.859375
1187.968750,0.843750
1188.687500,0.718750
1189.296875,0.609375
1189.875000,0.578125
1190.421875,0.546875
1191.000000,0.578125
1191.703125,0.703125
1196.296875,0.812500
1196.968750,0.671875
1197.578125,0.609375
1198.171875,0.593750
1198.765625,0.593750
1199.390625,0.625000
1200.015625,0.625000
1200.687500,0.671875
1206.390625,0.906250
1207.187500,0.796875
1213.531250,0.843750
1214.328125,0.796875
1215.000000,0.671875
1215.609375,0.609375
1216.203125,0.593750
1216.859375,0.656250
1229.625000,0.781250
1230.312500,0.687500
1230.921875,0.609375
1231.484375,0.562500
1232.062500,0.578125
1232.656250,0.593750
1233.296875,0.640625
1233.968750,0.671875
1234.656250,0.687500
1238.968750,0.843750
1239.703125,0.734375
1240.343750,0.640625
1248.812500,0.906250
1249.703125,0.890625
1250.593750,0.890625
1251.468750,0.875000
1252.234375,0.765625
1257.437500,0.890625
1258.359375,0.921875
1259.281250,0.921875
1260.156250,0.875000
1260.968750,0.812500
1261.750000,0.781250
1262.468750,0.718750
1263.156250,0.687500
1263.812500,0.656250
1264.421875,0.609375
1265.015625,0.593750
1265.609375,0.593750
1266.250000,0.640625
1270.609375,0.750000
1271.265625,0.656250
1271.890625,0.625000
1272.484375,0.593750
1273.062500,0.578125
1273.625000,0.562500
1278.000000,0.718750
1278.656250,0.656250
1279.265625,0.609375
1279.875000,0.609375
1280.515625,0.640625
1281.140625,0.625000
1281.750000,0.609375
1282.359375,0.609375
1283.031250,0.671875
1287.171875,0.734375
1287.828125,0.656250
1288.468750,0.640625
1289.062500,0.593750
1289.671875,0.609375
1290.250000,0.578125
1290.890625,0.640625
1291.625000,0.734375
1292.359375,0.734375
1293.093750,0.734375
1293.796875,0.703125
1294.453125,0.656250
1295.078125,0.625000
1295.656250,0.578125
1296.218750,0.562500
1296.796875,0.578125
1309.453125,0.734375
1310.203125,0.750000
1310.953125,0.750000
1311.718750,0.765625
1312.437500,0.718750
1313.109375,0.671875
1323.468750,0.593750
1324.046875,0.578125
1331.296875,0.531250
1331.859375,0.562500
1332.453125,0.593750
1333.078125,0.625000
1333.750000,0.671875
1334.453125,0.703125
1335.109375,0.656250
1335.703125,0.593750
1336.250000,0.546875
1336.796875,0.546875
1337.343750,0.546875
1337.937500,0.593750
1338.531250,0.593750
1339.140625,0.609375
1339.750000,0.609375
1340.375000,0.625000
1341.078125,0.703125
1341.875000,0.796875
1342.687500,0.812500
1343.375000,0.687500
1344.000000,0.625000
1344.578125,0.578125
1345.171875,0.593750
1345.796875,0.625000
1346.421875,0.625000
1347.015625,0.593750
1347.578125,0.562500
1348.187500,0.609375
1348.812500,0.625000
1349.453125,0.640625
1350.140625,0.687500
1350.781250,0.640625
1351.406250,0.625000
1351.953125,0.546875
1352.500000,0.546875
1363.203125,0.562500
1363.796875,0.593750
1364.468750,0.671875
1365.250000,0.781250
1371.406250,0.625000
1372.187500,0.781250
1372.968750,0.781250
1373.734375,0.765625
1374.578125,0.843750
1375.406250,0.828125
1376.187500,0.781250
1376.890625,0.703125
1377.515625,0.625000
1378.109375,0.593750
1378.687500,0.578125
1379.296875,0.609375
1379.906250,0.609375
1384.062500,0.765625
1384.718750,0.656250
1385.312500,0.593750
1385.906250,0.593750
1386.531250,0.625000
1387.203125,0.671875
1387.921875,0.718750
1388.578125,0.656250
1389.187500,0.609375
1389.796875,0.609375
1390.437500,0.640625
1394.734375,0.671875
1395.328125,0.593750
1395.937500,0.609375
1396.625000,0.687500
1400.984375,0.828125
1401.843750,0.859375
1402.734375,0.890625
1403.578125,0.843750
1404.328125,0.750000
1405.031250,0.703125
1405.671875,0.640625
1406.343750,0.671875
1406.984375,0.640625
1407.609375,0.625000
1408.281250,0.671875
1409.125000,0.843750
1410.062500,0.937500
1410.968750,0.906250
1411.828125,0.859375
1412.625000,0.796875
1413.343750,0.718750
1413.968750,0.625000
1414.578125,0.609375
1415.187500,0.609375
1415.875000,0.687500
1416.718750,0.843750
1417.484375,0.765625
1423.484375,0.625000
1424.093750,0.609375
1424.687500,0.593750
1425.296875,0.609375
1425.906250,0.609375
1431.578125,0.562500
1432.171875,0.593750
1432.781250,0.609375
1433.343750,0.562500
1433.921875,0.578125
1434.500000,0.578125
1435.062500,0.562500
1435.640625,0.578125
1436.171875,0.531250
1436.703125,0.531250
1444.828125,0.562500
1445.390625,0.562500
1445.953125,0.562500
1446.468750,0.515625
1447.000000,0.531250
1447.515625,0.515625
1448.046875,0.531250
1448.593750,0.546875
1449.156250,0.562500
1449.703125,0.546875
1458.859375,0.546875
1459.468750,0.609375
1460.078125,0.609375
1460.640625,0.562500
1461.218750,0.578125
1461.812500,0.593750
1462.406250,0.593750
1462.984375,0.578125
1463.515625,0.531250
1464.062500,0.546875
1464.609375,0.546875
1465.171875,0.562500
1465.734375,0.562500
1466.296875,0.562500
1466.812500,0.515625
1467.375000,0.562500
1467.953125,0.578125
1468.515625,0.562500
1469.125000,0.609375
1478.875000,0.531250
1479.421875,0.546875
1485.375000,0.593750
1485.968750,0.593750
1486.562500,0.593750
1487.187500,0.625000
1487.765625,0.578125
1488.328125,0.562500
1488.875000,0.546875
1489.453125,0.578125
1490.015625,0.562500
1490.609375,0.593750
1497.265625,0.593750
1497.828125,0.562500
1498.390625,0.562500
1498.937500,0.546875
1499.484375,0.546875
1500.078125,0.593750
1512.734375,0.734375
1513.437500,0.703125
1514.093750,0.656250
1514.796875,0.703125
1515.531250,0.734375
1516.234375,0.703125
1516.875000,0.640625
1517.515625,0.640625
1518.125000,0.609375
1518.765625,0.640625
1519.421875,0.656250
1520.109375,0.687500
1520.796875,0.687500
1521.484375,0.687500
1522.296875,0.812500
1523.234375,0.937500
1524.156250,0.921875
1524.984375,0.828125
1525.796875,0.812500
1526.578125,0.781250
1527.328125,0.750000
1528.000000,0.671875
1528.609375,0.609375
1529.218750,0.609375
1529.859375,0.640625
1534.515625,0.812500
1535.234375,0.718750
1535.875000,0.640625
1536.484375,0.609375
1537.078125,0.593750
1537.656250,0.578125
1538.296875,0.640625
1543.078125,0.921875
1543.953125,0.875000
1544.703125,0.750000
1545.359375,0.656250
